1	LeBron James
2	Russell Westbrook
3	Anthony Davis
4	Giannis Antetokounmpo
5	James Harden
6	Karl-Anthony Towns
7	Andre Drummond
8	Ben Simmons
9	Nikola Jokic
10	Damian Lillard
11	Kevin Durant
12	Victor Oladipo
13	Bradley Beal
14	DeMar DeRozan
15	LaMarcus Aldridge
16	Dwight Howard
17	Jrue Holiday
18	Paul George
19	Kemba Walker
20	Khris Middleton
21	Joel Embiid
22	Lou Williams
23	Kyle Lowry
24	C.J. McCollum
25	DeAndre Jordan
26	Marc Gasol
27	Donovan Mitchell
28	DeMarcus Cousins
29	Tobias Harris
30	Julius Randle
31	Clint Capela
32	Eric Bledsoe
33	Will Barton
34	Jusuf Nurkic
35	Draymond Green
36	Jimmy Butler
37	Andrew Wiggins
38	Harrison Barnes
39	Chris Paul
40	Steven Adams
41	Kyrie Irving
42	Blake Griffin
43	Otto Porter
44	Goran Dragic
45	Al Horford
46	Jamal Murray
47	Spencer Dinwiddie
48	Dennis Schroder
49	Stephen Curry
50	Klay Thompson
51	Enes Kanter
52	Ricky Rubio
53	Dario Saric
54	Kyle Kuzma
55	Jeff Teague
56	Robert Covington
57	Carmelo Anthony
58	Thaddeus Young
59	Taurean Prince
60	Joe Ingles
61	Taj Gibson
62	Josh Richardson
63	Nikola Vucevic
64	Willie Cauley-Stein
65	Jonas Valanciunas
66	Pau Gasol
67	Jayson Tatum
68	Devin Booker
69	Derrick Favors
70	T.J. Warren
71	Kevin Love
72	Dennis Smith Jr.
73	Aaron Gordon
74	DeMarre Carroll
75	Rondae Hollis-Jefferson
76	Kentavious Caldwell-Pope
77	Lauri Markkanen
78	Rudy Gobert
79	Gary Harris
80	Terry Rozier
81	Jeremy Lamb
82	Serge Ibaka
83	Bobby Portis
84	Domantas Sabonis
85	Buddy Hield
86	Marcin Gortat
87	Ish Smith
88	Tyreke Evans
89	Kristaps Porzingis
90	Elfrid Payton
91	Dirk Nowitzki
92	Darren Collison
93	Hassan Whiteside
94	Kelly Olynyk
95	James Johnson
96	John Collins
97	Jordan Clarkson
98	J.J. Redick
99	Josh Jackson
100	Brandon Ingram
CLE	SF	82	2251	710	747	71	116	54.2	73.1	36.7	388	708	149	348	3025	52	18	4249.5
OKC	PG	80	2028	804	820	20	147	44.9	73.7	29.8	417	660	97	382	2913	59	25	4174.8
NO	PF	75	2110	832	174	193	115	53.4	82.8	34	495	725	55	162	2727	50	1	3823.4
MIL	PF	75	2014	754	360	106	109	52.9	76	30.7	487	699	43	224	2756	42	1	3664.8
HOU	PG	72	2191	388	629	50	126	44.9	85.8	36.7	624	386	265	315	2548	31	4	3637.1
MIN	C	82	1743	1013	199	115	64	54.6	85.8	42.1	345	519	120	160	2918	68	0	3455.1
DET	C	78	1171	1248	237	129	114	52.8	60.5	0	239	466	0	202	2625	62	0	3308.1
PHI	PG	81	1279	659	661	70	140	54.5	56	0	191	544	0	278	2732	38	12	3203.3
DEN	C	75	1385	802	459	61	90	50	85	39.6	266	393	111	210	2441	38	10	3127.9
POR	PG	73	1962	325	481	27	78	43.9	91.6	36.1	493	394	227	205	2669	11	0	3078.5
GS	SF	68	1792	464	366	119	50	51.6	88.9	41.9	359	457	173	207	2325	15	2	3028.8
IND	SG	75	1735	390	323	57	176	47.7	79.9	37.1	294	479	161	220	2552	3	0	2933.5
WAS	SG	82	1857	363	373	36	97	46	79.1	37.5	292	484	199	214	2977	4	0	2904.1
TOR	SG	80	1840	315	417	22	85	45.6	82.5	31	461	556	89	175	2711	0	0	2882.5
SA	PF	75	1735	634	152	90	43	51	83.7	29.3	334	660	27	112	2508	27	0	2877.8
CHA	C	81	1347	1012	105	131	47	55.5	57.4	14.3	334	505	1	208	2463	54	0	2866.9
NO	PG	81	1537	366	486	64	122	49.4	78.6	33.7	187	495	120	213	2926	8	1	2864.2
OKC	SF	79	1734	447	263	39	161	43	82.2	40.1	338	332	244	212	2890	4	0	2852.9
CHA	PG	80	1770	248	444	25	92	43.1	86.4	38.4	363	357	231	179	2735	3	0	2788.6
MIL	SF	82	1652	428	328	21	119	46.7	88.4	36	320	447	146	191	2981	5	1	2746.6
PHI	C	63	1445	690	199	111	40	48.3	76.9	30.8	359	444	66	234	1911	38	0	2639.5
LAC	SG	79	1782	198	417	19	85	43.5	88	35.9	432	396	186	234	2589	7	0	2619.1
TOR	PG	78	1267	434	537	19	85	42.7	85.4	39.9	223	165	238	183	2509	23	3	2618.3
POR	SG	81	1732	321	272	35	77	44.3	83.6	39.7	209	478	189	152	2923	1	0	2597.2
LAC	C	77	927	1171	117	69	39	64.8	58	0	181	373	0	138	2424	46	0	2585.7
MEM	C	73	1258	592	305	101	54	42	83.4	34.1	281	325	109	194	2408	25	1	2541.9
UTA	SG	79	1616	296	291	27	118	43.7	80.5	34	239	408	187	217	2637	0	0	2480.7
NO	C	48	1210	618	257	76	80	47	74.6	35.4	294	302	104	242	1737	38	3	2407.1
LAC	SF	80	1486	436	192	35	71	46	82.9	41.1	179	379	183	104	2667	3	0	2405.2
LAL	PF	82	1323	654	210	45	43	55.8	71.8	22.2	305	494	10	213	2190	28	1	2385.8
HOU	C	74	1026	802	68	138	58	65.2	56	0	144	441	0	103	2034	42	0	2379.4
MIL	PG	74	1313	285	370	42	148	47.3	79.5	34.7	252	343	125	216	2321	3	1	2374
DEN	SG	81	1268	409	331	51	82	45.2	80.5	36.9	182	309	156	149	2682	2	0	2372.3
POR	C	79	1132	708	143	111	64	50.5	63	0	172	480	0	183	2088	27	0	2363.1
GS	PF	70	773	535	509	91	95	45.4	77.5	30.1	134	204	77	202	2286	23	3	2348.5
MIN	SG	59	1307	315	288	24	116	47.4	85.4	35	363	367	70	108	2164	3	0	2289
MIN	SF	82	1452	358	160	52	91	43.8	64.3	33.1	202	457	112	138	2978	1	0	2269.6
DAL	SF	77	1452	468	152	14	49	44.5	82.7	35.7	259	418	119	118	2635	8	0	2249.6
HOU	PG	58	1081	313	458	14	96	46	91.9	38	203	223	144	128	1846	14	1	2235.6
OKC	C	76	1056	685	88	78	92	62.9	55.9	0	160	448	0	128	2486	28	0	2222
BOS	PG	60	1466	227	306	17	65	49.1	88.9	40.8	232	368	166	140	1931	1	0	2221.4
DET	PF	58	1242	428	334	18	41	43.8	78.5	34.5	259	325	111	166	1969	16	3	2208.6
WAS	SF	77	1134	492	157	41	116	50.3	82.8	44.1	106	307	138	75	2431	13	0	2198.9
MIA	PG	75	1296	307	359	12	63	45	80.1	37	217	373	111	166	2378	3	0	2186.9
BOS	PF	72	927	530	339	79	43	48.9	78.3	42.9	94	271	97	132	2277	15	0	2183.5
DEN	PG	81	1352	297	274	29	79	45.1	90.5	37.8	229	314	165	171	2565	1	0	2164.4
BKN	PG	80	1007	258	524	24	68	38.7	81.3	32.6	218	183	141	129	2305	7	0	2157.6
ATL	PG	67	1301	208	417	6	72	43.7	84.9	29	225	424	76	183	2078	5	0	2149.1
GS	PG	51	1346	261	309	8	80	49.5	92.1	42.3	278	216	212	153	1631	5	0	2145.7
GS	SG	73	1461	277	185	34	55	48.8	83.7	44	82	346	229	127	2505	2	0	2121.9
NY	C	71	1000	780	105	37	36	59.2	84.8	0	156	422	0	122	1829	39	0	2117.5
UTA	PG	77	1008	351	410	11	121	41.8	86.6	35.2	220	250	96	208	2254	11	0	2100.2
PHI	PF	78	1141	521	202	20	51	45.3	86	39.3	178	246	157	148	2309	13	0	2063.2
LAL	PF	77	1242	483	141	34	49	45	70.7	36.6	147	309	159	140	2401	17	0	2059.1
MIN	PG	70	994	209	492	23	102	44.6	84.5	36.8	202	270	84	177	2311	13	0	2055.8
PHI	SF	80	1009	433	156	72	137	41.3	85.3	36.9	116	142	203	128	2531	7	0	2052.6
OKC	PF	78	1261	453	103	49	47	40.4	76.7	35.7	148	303	169	100	2502	6	0	2051.1
IND	PF	81	955	513	152	37	134	48.7	59.8	32	55	363	58	105	2607	9	0	2035.6
ATL	SF	82	1158	389	214	42	84	42.6	84.4	38.5	152	239	176	192	2463	5	0	2005.8
UTA	SF	82	940	344	392	20	91	46.7	79.5	44	66	131	204	159	2578	4	0	2003.8
MIN	PF	82	999	582	99	58	62	57.7	76.8	20	142	418	7	89	2726	18	0	1996.9
MIA	SF	81	1045	285	231	75	121	45.1	84.5	37.8	120	272	127	138	2689	0	0	1987.5
ORL	C	57	939	525	191	63	56	47.5	81.9	31.4	77	335	64	109	1684	29	1	1984.5
SAC	C	73	932	511	172	67	77	50.2	61.9	23.1	153	385	3	109	2044	12	0	1982.2
TOR	C	77	980	660	81	69	29	56.8	80.6	40.5	170	360	30	115	1727	26	0	1974.5
SA	C	77	775	618	239	79	24	45.8	75.6	35.8	158	244	43	108	1812	16	1	1973.1
BOS	SF	80	1112	401	128	58	83	47.5	82.6	43.4	213	292	105	115	2437	3	0	1952.2
PHO	SG	54	1346	243	253	14	47	43.2	87.8	38.3	289	308	147	194	1865	4	0	1945.1
UTA	PF	77	944	551	102	82	54	56.3	65.1	22.2	140	381	14	88	2154	15	0	1942.2
PHO	SF	65	1271	333	85	41	65	49.7	75.7	22.2	193	509	20	84	2141	6	0	1926.1
CLE	PF	59	1039	545	103	24	43	45.8	88	41.5	234	197	137	90	1651	31	0	1891.5
DAL	PG	69	1048	260	358	18	71	39.5	69.4	31.3	134	298	106	194	2049	6	1	1881
ORL	PF	58	1022	457	136	45	59	43.4	69.8	33.6	157	260	115	107	1909	17	0	1875.4
BKN	SF	73	983	479	147	30	60	41.3	76.4	37	188	180	145	103	2179	13	0	1855.3
BKN	SF	68	946	459	167	48	65	47.2	78.8	24.1	249	329	13	121	1920	12	0	1852.3
LAL	SG	74	992	386	162	16	106	42.6	78.9	38.3	153	181	159	97	2458	3	0	1845.2
CHI	PF	68	1033	508	79	40	40	43.4	84.3	36.2	140	229	145	83	2020	14	0	1838.1
UTA	C	56	756	601	80	129	44	62.3	68.2	0	204	276	0	107	1816	31	0	1836.2
DEN	SG	67	1170	176	194	15	122	48.5	82.7	39.6	134	284	156	119	2305	0	0	1827.2
BOS	PG	80	900	376	232	19	80	39.5	77.2	38.1	115	163	153	80	2068	1	1	1817.2
CHA	SG	80	1033	324	187	32	61	45.7	86.1	37.2	179	286	94	93	1967	0	0	1795.3
TOR	PF	76	959	478	62	99	29	48.3	79.7	36	94	272	107	90	2095	8	0	1791.6
CHI	PF	73	964	498	123	23	49	47.1	76.9	35.9	120	302	80	103	1642	12	0	1787.1
IND	C	74	861	572	151	32	40	51.4	75	35.1	168	327	13	137	1812	15	0	1780.9
SAC	SG	80	1079	307	155	22	85	44.6	87.7	43.1	71	240	176	124	2024	0	0	1769.9
WAS	C	82	690	623	151	61	40	51.8	67.5	0	110	290	0	99	2074	15	0	1767.1
DET	PG	82	894	224	360	20	64	48.6	69.8	34.7	81	354	35	108	2042	3	0	1762.8
MEM	SG	52	1010	265	269	17	57	45.2	78.5	39.9	164	252	114	117	1607	7	0	1762.5
NY	PF	48	1088	316	57	115	36	43.9	79.3	39.3	218	300	90	93	1553	5	0	1761.7
PHO	PG	63	797	274	393	22	83	49.3	64.9	32.6	109	299	30	168	1808	8	2	1757.3
DAL	PF	77	927	438	120	44	43	45.6	89.8	40.9	97	208	138	51	1900	5	0	1755.6
IND	PG	69	855	178	368	15	93	49.5	88.2	46.8	127	220	96	86	2018	6	0	1750.6
MIA	C	54	754	618	54	94	38	53.9	70.3	100	128	310	2	93	1364	28	0	1747.6
MIA	C	76	872	431	207	35	62	49.7	77	37.9	134	210	106	148	1779	7	0	1745.7
MIA	PF	73	788	358	280	51	70	50.3	69.8	30.8	113	252	57	143	1943	6	0	1736.6
ATL	PF	74	777	541	98	80	47	57.6	71.5	34	133	298	16	105	1785	11	0	1722.2
CLE	PG	81	1124	216	221	6	58	45.1	80	35.2	152	318	112	127	1887	1	0	1715.7
PHI	SF	70	1198	178	210	6	35	45.9	90.4	42	197	211	193	103	2115	0	0	1705.6
PHO	SF	77	1012	351	120	35	80	41.7	63.4	26.3	177	332	57	146	1959	5	0	1697.2
LAL	SF	59	949	314	230	43	45	47	68.1	39	192	317	41	150	1974	6	0	1696.8