1	James Harden
2	Russell Westbrook
3	Giannis Antetokounmpo
4	Paul George
5	Nikola Jokic
6	Karl-Anthony Towns
7	Nikola Vucevic
8	Bradley Beal
9	Andre Drummond
10	Damian Lillard
11	Kevin Durant
12	Kemba Walker
13	Joel Embiid
14	Ben Simmons
15	Rudy Gobert
16	LaMarcus Aldridge
17	Blake Griffin
18	DeMar DeRozan
19	D'Angelo Russell
20	Anthony Davis
21	Stephen Curry
22	Luka Doncic
23	Kyrie Irving
24	Tobias Harris
25	De'Aaron Fox
26	LeBron James
27	Trae Young
28	Donovan Mitchell
29	Jrue Holiday
30	Julius Randle
31	Kawhi Leonard
32	Jusuf Nurkic
33	Devin Booker
34	Mike Conley
35	Buddy Hield
36	Marc Gasol
37	Pascal Siakam
38	Montrezl Harrell
39	Clint Capela
40	Klay Thompson
41	Steven Adams
42	Khris Middleton
43	Eric Bledsoe
44	Aaron Gordon
45	Deandre Ayton
46	Lou Williams
47	Jamal Murray
48	Willie Cauley-Stein
49	Jimmy Butler
50	Jayson Tatum
51	Zach LaVine
52	Hassan Whiteside
53	Myles Turner
54	Kyle Lowry
55	Domantas Sabonis
56	C.J. McCollum
57	Danilo Gallinari
58	Thaddeus Young
59	DeAndre Jordan
60	Jeremy Lamb
61	Joe Ingles
62	Serge Ibaka
63	Andrew Wiggins
64	Bojan Bogdanovic
65	Al Horford
66	John Collins
67	Josh Richardson
68	Jarrett Allen
69	Chris Paul
70	Kyle Kuzma
71	Dennis Schroder
72	Reggie Jackson
73	Brook Lopez
74	Evan Fournier
75	Jordan Clarkson
76	Jerami Grant
77	Derrick Favors
78	JaVale McGee
79	Collin Sexton
80	Darren Collison
81	Draymond Green
82	Dwyane Wade
83	J.J. Redick
84	Harrison Barnes
85	Paul Millsap
86	Enes Kanter
87	Terrence Ross
88	Bam Adebayo
89	Rudy Gay
90	D.J. Augustin
91	Trevor Ariza
92	Marcus Morris
93	Ricky Rubio
94	Larry Nance Jr.
95	Mason Plumlee
96	Al-Farouq Aminu
97	Spencer Dinwiddie
98	Kelly Oubre Jr.
99	Cedi Osman
100	Bogdan Bogdanovic
HOU	PG	78	2818	518	586	58	158	44.2	87.9	36.8	754	465	378	387	2866	34	7	4363.6
OKC	PG	73	1675	807	784	33	142	42.8	65.6	29	296	511	119	325	2629	57	34	3844.4
MIL	PF	72	1994	898	424	110	92	57.8	72.9	25.6	500	669	52	268	2358	54	5	3843.6
OKC	SF	77	2159	628	318	34	170	43.8	83.9	38.6	453	415	292	205	2841	24	1	3592.6
DEN	C	80	1604	865	580	55	108	51.1	82.1	30.7	289	533	83	248	2503	56	12	3590
MIN	C	77	1880	954	259	125	67	51.8	83.6	40	376	539	142	240	2544	54	0	3557.3
ORL	C	80	1665	960	307	89	81	51.8	78.9	36.4	179	617	84	159	2510	60	1	3458.5
WAS	SG	82	2099	411	448	58	121	47.5	80.8	35.1	362	555	209	224	3027	11	2	3398.2
DET	C	79	1370	1232	112	138	136	53.3	59	13.2	243	556	5	175	2647	69	0	3389.4
POR	PG	80	2067	371	551	34	88	44.4	91.2	36.9	468	444	237	212	2837	13	0	3370.7
GS	SF	78	2027	497	457	84	58	52.1	88.5	35.3	448	584	137	225	2701	16	2	3367.9
CHA	PG	82	2102	361	483	34	102	43.4	84.4	35.6	380	471	260	211	2862	10	0	3320.7
PHI	C	64	1761	871	234	122	46	48.4	80.4	30	522	501	79	226	2154	58	2	3267.2
PHI	PG	79	1337	697	610	61	112	56.2	60	0	257	540	0	274	2700	42	10	3160.4
UTA	C	81	1284	1041	161	187	66	66.9	63.6	0	332	476	0	130	2576	66	0	3150.7
SA	PF	81	1727	744	194	107	43	51.9	84.7	23.8	349	674	10	144	2686	32	0	3066.8
DET	PF	75	1841	565	402	28	52	46.2	75.3	36.2	414	430	189	253	2622	21	2	3029
SA	SG	77	1635	462	475	36	86	48.1	83	15.6	366	624	7	199	2688	12	1	2946.9
BKN	PG	81	1712	315	563	20	100	43.4	78	36.9	160	425	234	253	2448	14	0	2921.5
NO	PF	56	1452	672	218	135	88	51.7	79.4	33.1	344	482	48	112	1849	37	0	2919.4
GS	PG	69	1881	369	361	25	92	47.2	91.6	43.7	263	278	354	192	2331	3	0	2907.3
DAL	PG	72	1526	563	429	25	77	42.7	71.3	32.7	346	338	168	247	2317	24	8	2802.1
BOS	PG	67	1596	335	464	34	103	48.7	87.3	40.1	214	430	174	172	2214	21	1	2796
PHI	SF	82	1644	645	229	37	51	48.7	86.6	39.7	266	455	156	151	2847	15	0	2786.5
SAC	PG	81	1399	304	590	45	133	45.8	72.7	37.1	303	419	86	227	2545	16	1	2777.8
LAL	SF	55	1505	465	454	33	72	51	66.5	33.9	278	447	111	197	1937	32	8	2757
ATL	PG	81	1549	301	653	15	72	41.8	82.9	32.4	343	369	156	308	2503	30	1	2755.7
UTA	SG	77	1829	316	322	31	106	43.2	80.6	36.2	319	473	188	218	2598	1	0	2747.2
NO	PG	67	1420	334	518	54	109	47.2	76.8	32.5	208	429	118	210	2402	18	0	2713.8
NO	PF	73	1565	634	229	45	52	52.4	73.1	34.4	356	504	67	208	2231	31	1	2655.3
TOR	SF	60	1596	439	199	24	106	49.6	85.4	37.1	364	448	112	121	2040	14	0	2560.3
POR	C	72	1125	748	233	103	71	50.8	77.3	10.3	282	417	3	168	1973	36	1	2552.1
PHO	SG	64	1700	265	433	13	56	46.7	86.6	32.6	393	451	135	264	2242	12	0	2541.5
MEM	PG	70	1478	239	449	22	94	43.8	84.5	36.4	343	335	155	130	2341	10	0	2540.3
SAC	SG	82	1695	412	205	33	58	45.8	88.6	42.7	171	345	278	146	2614	3	0	2532.9
TOR	C	79	1071	627	349	86	84	44.8	75.9	36.3	192	291	99	155	2436	19	1	2531.9
TOR	PF	80	1354	549	248	52	73	54.9	78.5	36.9	237	440	79	154	2547	18	0	2480.8
LAC	PF	82	1361	535	162	110	71	61.5	64.3	17.6	266	543	3	132	2158	17	0	2476
HOU	C	67	1114	848	96	102	44	64.8	63.6	0	166	474	0	94	2248	45	0	2473.6
GS	SG	78	1680	299	186	47	84	46.7	81.6	40.2	129	414	241	115	2652	0	0	2464.8
OKC	C	80	1108	760	124	76	117	59.5	50	0	146	481	0	135	2669	29	0	2457
MIL	SF	77	1407	461	331	7	80	44.1	83.7	37.8	216	327	179	174	2393	7	0	2456.7
MIL	PG	78	1241	362	430	29	116	48.4	75	32.9	177	346	124	165	2271	8	1	2445.4
ORL	PF	78	1246	574	289	56	57	44.9	73.1	34.9	185	349	121	162	2632	19	0	2432.3
PHO	C	71	1159	729	125	67	61	58.5	74.6	0	141	509	0	126	2182	39	0	2351.3
LAC	SG	75	1498	222	402	11	57	42.5	87.6	36.1	425	379	105	181	1992	7	1	2322.4
DEN	PG	75	1367	317	363	27	67	43.7	84.8	36.7	189	361	152	158	2447	4	0	2321.9
SAC	C	81	965	678	194	51	96	55.6	55.1	50	140	411	1	84	2212	22	0	2279.6
PHI	SG	65	1215	342	263	39	123	46.2	85.5	34.7	312	351	67	95	2184	3	0	2248.9
BOS	SF	79	1243	477	168	57	84	45	85.5	37.3	195	350	116	122	2454	8	0	2227.4
CHI	PG	63	1492	294	283	26	60	46.7	83.2	37.4	312	410	120	215	2170	2	0	2226.3
MIA	C	72	887	817	56	136	46	57.1	44.9	12.5	109	386	2	97	1674	36	0	2218.4
IND	C	74	984	531	115	199	60	48.7	73.6	38.8	148	304	76	100	2119	17	0	2211.7
TOR	PG	65	926	312	564	31	91	41.1	83	34.7	161	147	157	182	2213	20	2	2208.4
IND	C	74	1043	690	212	30	48	59	71.5	52.9	208	404	9	160	1838	30	0	2185
POR	SG	70	1468	282	207	28	55	45.9	82.8	37.5	159	404	167	106	2375	1	1	2176.9
LAC	SF	68	1346	417	178	23	49	46.3	90.4	43.3	367	248	161	99	2059	7	0	2158.4
IND	PF	81	1024	523	204	36	123	52.7	64.4	34.9	87	392	51	123	2488	10	0	2152.6
NY	C	69	758	902	156	73	42	64.1	70.5	0	186	286	0	153	2047	42	0	2151.4
CHA	SG	79	1208	434	172	32	88	44	88.8	34.8	231	316	115	80	2250	7	0	2146.8
UTA	SF	82	994	330	469	20	98	44.8	70.7	39.1	87	170	189	193	2567	7	0	2136.5
TOR	PF	74	1112	601	99	103	29	52.9	76.3	29	135	415	49	114	2010	22	0	2131.7
MIN	SF	73	1321	352	184	48	71	41.2	69.9	33.9	207	380	118	138	2542	3	0	2119.4
IND	SF	81	1454	333	161	1	69	49.7	80.7	42.5	246	358	164	134	2573	0	0	2101.1
BOS	PF	68	925	458	283	86	59	53.5	82.1	36	78	314	73	102	1972	10	1	2087.1
ATL	PF	61	1188	595	121	39	22	56	76.6	34.8	203	410	55	120	1828	32	0	2085.5
MIA	SF	73	1209	263	298	34	79	41.2	86.1	35.7	199	259	164	113	2539	1	0	2084.6
BKN	C	80	873	672	110	120	43	59	70.9	13.3	197	329	6	103	2096	24	0	2067.4
HOU	PG	58	906	265	473	18	114	41.9	86.2	35.8	175	175	127	152	1856	18	1	2045.5
LAL	PF	70	1308	382	178	26	41	45.6	75.2	30.3	188	368	128	133	2313	4	0	2034.4
OKC	PG	79	1224	284	323	12	65	41.4	81.9	34.1	186	333	124	172	2313	3	0	2031.3
DET	PG	82	1260	216	344	9	55	42.1	86.4	36.9	204	267	174	148	2288	0	0	2015.2
MIL	C	81	1009	396	98	179	51	45.2	84.2	36.5	112	168	187	82	2321	2	0	2009.2
ORL	SF	81	1226	258	295	12	71	43.8	80.6	34	137	315	153	154	2553	1	0	1990.1
CLE	PG	81	1364	270	196	13	57	44.8	84.4	32.4	162	385	144	135	2214	1	0	1987
OKC	SF	80	1090	417	79	100	61	49.7	71	39.2	157	294	115	67	2612	4	0	1963.9
UTA	PF	76	897	560	89	106	56	58.6	67.5	21.8	154	346	17	84	1766	15	0	1942.5
LAL	C	75	897	566	52	148	47	62.4	63.2	8.3	96	399	1	108	1670	14	0	1936.2
CLE	PG	82	1371	236	243	6	44	43.1	83.9	40.2	214	400	119	185	2605	2	0	1933.7
IND	PG	76	853	232	459	9	110	46.7	83.2	40.7	158	229	79	125	2143	6	0	1932.9
GS	PF	66	486	481	455	70	95	44.5	69.2	28.5	63	141	47	169	2064	8	0	1906.7
MIA	SG	72	1083	285	301	38	59	43.3	70.8	33	165	330	86	166	1885	4	1	1904.5
PHI	SF	76	1372	186	206	17	32	44	89.4	39.7	228	212	240	101	2379	1	0	1901.2
SAC	SF	77	1265	361	115	13	50	42	82.4	39.5	229	257	174	98	2532	4	0	1898.7
DEN	PF	70	883	505	141	54	83	48.3	72.7	36.5	181	264	58	95	1894	14	0	1879.5
POR	C	67	915	659	116	26	32	54.9	78.7	29.4	155	365	10	118	1639	32	0	1877.8
ORL	SG	81	1223	280	135	29	72	42.8	87.5	38.3	126	223	217	90	2150	0	0	1873.5
MIA	C	82	729	597	184	65	71	57.6	73.5	20	166	277	3	121	1912	11	0	1872.4
SA	SF	69	946	470	182	34	54	50.4	81.6	40.2	120	302	74	114	1842	9	0	1845
ORL	PG	81	948	203	426	4	52	47	86.6	42.1	181	187	131	128	2269	4	0	1814.6
WAS	SF	69	863	371	252	21	91	39.9	79.3	33.4	130	149	145	106	2348	5	0	1804.2
BOS	PF	75	1046	458	109	25	43	44.7	84.4	37.5	146	231	146	92	2090	5	0	1803.1
UTA	PG	68	864	243	416	10	91	40.4	85.5	31.1	195	216	79	180	1899	7	0	1801.6
CLE	PF	67	627	552	214	40	100	52	71.6	33.7	96	216	33	97	1795	18	0	1793.4
DEN	C	82	637	524	243	76	66	59.3	56.1	20	111	260	2	126	1730	9	0	1788.3
POR	PF	81	760	610	104	33	68	43.3	86.7	34.3	150	161	96	72	2291	12	0	1778
BKN	PG	68	1143	166	311	17	40	44.2	80.6	33.5	287	242	124	152	1914	2	0	1770.7
PHO	SF	69	1047	325	84	59	84	44.5	77.5	32	189	267	108	103	1934	3	0	1746
CLE	SF	76	991	357	195	11	60	42.7	77.9	34.8	141	230	130	114	2443	3	0	1739.9
SAC	SG	70	990	243	267	15	72	41.8	82.7	36	134	227	134	117	1947	1	0	1739.1