1	James Harden
2	Giannis Antetokounmpo
3	LeBron James
4	Luka Doncic
5	Nikola Jokic
6	Damian Lillard
7	Anthony Davis
8	Trae Young
9	Devin Booker
10	Bam Adebayo
11	Russell Westbrook
12	Kawhi Leonard
13	Hassan Whiteside
14	Bradley Beal
15	Jayson Tatum
16	DeMar DeRozan
17	Domantas Sabonis
18	Rudy Gobert
19	Andre Drummond
20	Nikola Vucevic
21	Donovan Mitchell
22	C.J. McCollum
23	Chris Paul
24	Tobias Harris
25	Brandon Ingram
26	Shai Gilgeous-Alexander
27	Pascal Siakam
28	Jimmy Butler
29	Zach LaVine
30	Jonas Valanciunas
31	Ben Simmons
32	Julius Randle
33	Jrue Holiday
34	Kristaps Porzingis
35	Spencer Dinwiddie
36	Joel Embiid
37	JA Morant
38	Kyle Lowry
39	Khris Middleton
40	Ricky Rubio
41	Buddy Hield
42	Devonte' Graham
43	Montrezl Harrell
44	T.J. Warren
45	Jarrett Allen
46	Lonzo Ball
47	Lou Williams
48	Al Horford
49	Aaron Gordon
50	Kevin Love
51	De'Aaron Fox
52	Robert Covington
53	Collin Sexton
54	Andrew Wiggins
55	Dennis Schroder
56	Terry Rozier
57	Fred Vanvleet
58	Kemba Walker
59	Jamal Murray
60	LaMarcus Aldridge
61	Jaylen Brown
62	Nemanja Bjelica
63	Evan Fournier
64	Markelle Fultz
65	Eric Bledsoe
66	Dillon Brooks
67	Kelly Oubre Jr.
68	Steven Adams
69	Danilo Gallinari
70	Malcolm Brogdon
71	Harrison Barnes
72	Will Barton
73	Dejounte Murray
74	Bojan Bogdanovic
75	Paul George
76	Brook Lopez
77	Alec Burks
78	Gordon Hayward
79	D'Angelo Russell
80	Karl-Anthony Towns
81	Marcus Smart
82	Tim Hardaway Jr.
83	Tristan Thompson
84	Myles Turner
85	Joe Ingles
86	Kendrick Nunn
87	John Collins
88	Marcus Morris
89	Ish Smith
90	Jaren Jackson Jr.
91	Goran Dragic
92	Joe Harris
93	Troy Brown
94	Serge Ibaka
95	Bogdan Bogdanovic
96	Terrence Ross
97	OG Anunoby
98	Jordan Clarkson
99	Miles Bridges
100	Tomas Satoransky
HOU	PG	68	2335	446	512	60	125	44.4	86.5	35.5	692	373	299	308	2482	22	4	3700.2
MIL	PF	63	1857	856	354	66	61	55.3	63.3	30.4	398	596	89	230	1916	56	4	3439.2
LAL	SF	67	1698	525	684	36	78	49.3	69.3	34.8	264	495	148	261	2316	46	13	3321
DAL	PG	61	1759	573	538	14	62	46.3	75.8	31.6	426	410	171	260	2047	39	17	3145.6
DEN	C	73	1456	711	512	44	85	52.8	81.7	31.4	246	485	80	226	2335	43	13	3109.2
POR	PG	66	1978	284	530	22	70	46.3	88.8	40.1	460	354	270	194	2473	19	1	3103.8
LAL	PF	62	1618	577	200	143	91	50.3	84.6	33	444	479	72	154	2131	29	0	2924.4
ATL	PG	60	1778	254	560	8	65	43.7	86	36.1	481	341	205	289	2120	28	2	2779.8
PHO	SG	70	1863	297	456	18	49	48.9	91.9	35.4	468	486	141	264	2511	11	0	2773.4
MIA	C	72	1146	735	368	93	82	55.7	69.1	14.3	264	438	2	204	2417	40	3	2726
HOU	PG	57	1553	451	401	20	93	47.2	76.3	25.8	290	549	55	255	2049	22	8	2666.7
LAC	SF	57	1543	402	280	33	103	47	88.6	37.8	356	409	123	149	1848	13	1	2568.4
POR	C	67	1040	905	78	196	26	62.1	68.6	57.1	164	432	4	120	2008	51	0	2567
WAS	SG	57	1741	242	347	23	71	45.5	84.2	35.3	385	423	170	194	2053	8	0	2545.9
BOS	SF	66	1547	460	200	57	93	45	81.2	40.3	254	363	189	155	2265	10	0	2544
SA	SG	68	1504	375	379	20	70	53.1	84.5	25.7	381	548	9	164	2316	7	0	2538.5
IND	C	62	1147	771	310	30	47	54	72.3	25.4	214	441	17	170	2158	50	4	2521.2
UTA	C	68	1026	916	101	134	51	69.3	63	0	254	386	0	130	2332	49	0	2516.7
CLE	C	57	1010	864	152	93	109	53.3	57.5	14.3	169	413	5	203	1878	47	0	2475.8
ORL	C	62	1215	672	222	47	54	47.7	78.4	33.9	131	395	98	88	1998	41	0	2468.4
UTA	SG	69	1655	304	294	14	70	44.9	86.3	36.6	278	429	173	184	2364	1	0	2444.8
POR	SG	70	1556	297	310	42	54	45.1	75.7	37.9	140	417	194	127	2556	4	0	2442.4
OKC	PG	70	1232	349	472	11	111	48.9	90.7	36.5	253	323	111	161	2207	10	0	2441.8
PHI	SF	72	1410	495	227	40	53	47.1	80.5	36.7	173	422	131	104	2469	11	0	2426.5
NO	SF	62	1477	380	259	38	61	46.3	85.1	39.1	313	357	150	189	2103	9	0	2330.5
OKC	SG	70	1331	412	232	47	79	47.1	80.7	34.7	288	391	87	134	2428	9	1	2291.4
TOR	PF	60	1371	439	207	53	61	45.3	79.2	35.9	240	369	131	148	2110	12	0	2288.3
MIA	SG	58	1157	386	350	32	103	45.5	83.4	24.4	438	316	29	127	1959	11	3	2288.2
CHI	PG	60	1530	289	254	28	88	45	80.2	38	268	355	184	206	2085	2	0	2283.8
MEM	C	70	1044	788	131	77	30	58.5	74	35.2	148	400	32	127	1845	39	1	2273.1
PHI	PG	57	937	444	455	33	119	58	62.1	28.6	185	373	2	200	2016	31	6	2256.3
NY	PF	64	1248	622	198	22	51	46	73.3	27.7	258	399	64	193	2080	30	0	2244.4
NO	PG	61	1167	293	408	48	99	45.5	70.9	35.3	129	336	122	184	2116	10	1	2240.6
DAL	PF	57	1164	540	102	115	41	42.7	79.9	35.2	226	256	142	92	1813	25	0	2185
BKN	PG	64	1318	221	432	21	40	41.5	77.8	30.8	347	301	123	174	1994	9	0	2179.2
PHI	C	51	1173	593	152	65	45	47.7	80.7	33.1	352	325	57	159	1505	37	0	2173.6
MEM	PG	67	1193	259	488	18	58	47.7	77.6	33.5	239	387	60	220	2074	15	2	2167.8
TOR	PG	58	1126	292	433	26	82	41.6	85.7	35.2	294	170	164	178	2098	15	2	2163.9
MIL	SF	62	1297	382	265	7	53	49.7	91.6	41.5	208	324	147	137	1852	7	0	2135.9
PHO	PG	65	847	304	570	11	94	41.5	86.3	36.1	195	209	78	173	2016	22	2	2103.8
SAC	SG	72	1382	328	213	17	66	42.9	84.6	39.4	115	227	271	168	2216	2	0	2093.1
CHA	PG	63	1145	212	471	15	62	38.2	82	37.3	191	150	218	181	2211	17	0	2078.9
LAC	PF	63	1173	446	107	72	39	58	65.8	0	231	471	0	108	1749	12	0	1982.7
IND	SF	67	1326	280	99	34	78	53.6	81.9	40.3	167	443	91	84	2202	2	0	1950.5
BKN	C	70	775	671	110	92	40	64.9	63.3	0	171	302	0	77	1851	30	0	1932.2
NO	PG	63	745	383	438	38	88	40.3	56.6	37.5	43	129	148	193	2025	12	3	1920.6
LAC	SG	65	1185	201	365	12	44	41.8	86.1	35.2	292	280	111	182	1863	2	0	1903.7
PHI	PF	67	798	456	270	61	52	45	76.2	35	61	220	99	80	2025	6	0	1896.2
ORL	PF	62	894	475	228	39	51	43.7	67.4	30.8	151	262	73	100	2017	20	1	1886
CLE	PF	56	987	547	178	19	33	45	85.4	37.4	187	181	146	140	1780	23	0	1874.4
SAC	PG	51	1077	196	348	25	74	48	70.5	29.2	241	337	54	158	1634	9	0	1874.2
HOU	SF	70	870	463	88	94	114	42.2	79.8	33.5	99	144	161	103	2136	7	0	1870.6
CLE	PG	65	1349	204	192	7	65	47.2	84.6	38	226	416	97	158	2142	0	0	1867.8
GS	SF	54	1175	274	198	53	45	44.7	70.9	33.2	190	326	111	132	1858	4	1	1864.8
OKC	PG	65	1229	236	262	14	45	46.9	83.9	38.5	198	328	125	166	1998	0	0	1857.2
CHA	PG	63	1134	276	259	10	61	42.3	87.4	40.7	166	226	172	141	2164	2	0	1854.7
TOR	PG	54	952	203	357	17	100	41.3	84.8	39	168	173	146	121	1928	8	0	1844.1
BOS	PG	56	1145	217	268	28	48	42.5	86.4	38.1	209	198	180	117	1742	2	0	1842.4
DEN	PG	59	1091	236	284	17	67	45.6	88.1	34.6	163	296	112	127	1903	3	0	1841.2
SA	PF	53	1001	392	129	87	36	49.3	82.7	38.9	158	330	61	74	1754	14	0	1836.9
BOS	SG	57	1159	364	118	20	65	48.1	72.4	38.2	176	298	129	125	1933	8	0	1817.8
SAC	PF	72	831	458	203	40	62	48.1	82.1	41.9	69	180	134	99	2011	10	0	1790.1
ORL	SF	66	1221	171	209	15	71	46.7	81.8	39.9	180	261	173	125	2075	0	0	1786.7
ORL	PG	72	870	238	369	11	90	46.5	73	26.7	116	323	36	147	1996	4	1	1764.1
MIL	PG	61	911	283	328	26	57	47.4	79	34.4	169	260	74	148	1646	2	0	1760.6
MEM	SF	73	1181	243	150	27	63	40.7	80.8	35.8	164	288	147	124	2112	0	0	1753.6
PHO	SF	56	1046	361	85	40	71	45.2	78	35.2	192	265	108	83	1933	9	0	1745.7
OKC	C	63	684	583	146	67	51	59.2	58.2	33.3	117	282	1	94	1680	22	0	1744.6
OKC	SF	62	1160	322	119	5	42	43.8	89.3	40.5	266	180	178	76	1833	3	0	1742.9
IND	PG	54	893	262	381	10	35	43.8	89.2	32.6	166	251	75	131	1666	9	0	1737.9
SAC	SF	72	1046	355	159	12	43	46	80.1	38.1	214	263	102	88	2481	4	0	1732.5
DEN	SG	58	874	365	212	29	61	45	76.7	37.5	102	224	108	88	1915	7	0	1722
SA	PG	66	720	383	271	17	111	46.2	79.8	36.9	91	253	41	125	1686	6	0	1717.1
UTA	SF	63	1275	259	131	7	34	44.7	90.3	41.4	250	229	189	159	2082	0	0	1705.3
LAC	SF	48	1033	272	185	20	67	43.9	87.6	41.2	190	186	157	125	1418	5	0	1685.9
MIL	C	68	813	312	99	163	46	43.5	83.6	31.4	127	190	102	70	1816	4	0	1683.9
PHI	SG	66	993	282	189	17	62	41.8	88.7	38.5	235	205	116	91	1754	1	0	1681.9
BOS	SF	52	909	348	212	22	38	50	85.5	38.3	124	265	85	96	1740	8	0	1668.6
MIN	PG	45	1039	177	285	13	48	42.6	80.9	36.7	161	202	158	147	1452	3	0	1653.9
MIN	C	35	926	378	153	42	33	50.8	79.6	41.2	180	202	114	110	1187	24	0	1649.1
BOS	PG	60	776	225	291	29	101	37.5	83.6	34.7	127	119	137	103	1919	3	0	1639.5
DAL	SF	71	1121	232	137	5	41	43.4	81.9	39.8	149	180	204	69	2091	0	0	1627.9
CLE	C	57	684	577	120	50	33	51.2	61.5	39.1	99	279	9	103	1721	25	0	1619.4
IND	C	62	749	407	72	132	46	45.7	75.1	34.4	127	182	86	85	1825	9	0	1616.4
UTA	SF	72	707	278	373	11	65	44.5	78.7	39.9	74	105	141	142	2136	3	0	1610.1
MIA	PG	67	1024	180	220	15	56	43.9	85	35	85	264	137	114	1962	0	0	1598
ATL	PF	41	885	416	60	66	31	58.3	80	40.1	120	294	59	75	1361	22	0	1593.2
LAC	PF	62	1033	311	86	30	47	43.8	82.3	40.8	181	213	142	97	1936	3	0	1592.2
WAS	PG	68	740	219	334	30	59	44.7	72.1	36.7	62	246	62	95	1787	1	0	1586.8
MEM	PF	57	990	262	78	92	40	46.9	74.7	39.4	139	208	145	99	1622	3	0	1586.4
MIA	PG	59	953	187	301	10	40	44.1	77.6	36.7	191	195	124	144	1662	3	0	1584.9
BKN	SF	69	998	298	144	17	41	48.6	71.9	42.4	64	209	172	104	2122	0	0	1583.6
WAS	SF	69	716	383	178	7	85	43.9	78.4	34.1	109	212	61	79	1781	6	0	1547.6
TOR	PF	55	845	452	77	46	28	51.2	71.8	38.5	89	273	70	109	1484	20	0	1541.9
SAC	SG	61	924	207	207	15	64	44	74.1	37.2	86	173	164	102	1765	2	0	1538.9
ORL	SG	69	1016	222	82	24	77	40.3	85.3	35.1	157	164	177	70	1889	0	0	1537.4
TOR	SF	69	733	364	108	45	96	50.5	70.6	39	72	197	89	79	2065	5	0	1534.8
UTA	PG	71	1078	187	136	16	46	45.4	83.6	36.8	138	242	152	97	1704	0	0	1533.4
CHA	SF	65	843	362	114	48	40	42.4	80.9	33	106	220	99	95	1995	4	0	1529.4
CHI	PG	65	644	254	354	7	80	43	87.6	32.2	106	173	64	130	1877	3	0	1523.8